Origin (3,0)


I0 (0,0) (1,0) (2,0) (3,0)
I1 (2,-2) (2,-1) (2,0) (2,1)


L0 (1,0) (2,0) (3,0) (1,1)
L1 (2, -1) (2,0) (2,1) (3,1)
L2 (1,0) (2,0) (3,0) (3, -1)
L3 (1, -1) (2, -1) (2,0) (2,1)

O (1, 0) (2,0) (1,1) (2,1)

R0 (1, 0) (2,0) (3,0) (3,1)
R1 (2,-1) (3, -1) (2, 0) (2,1)
R2 (1,-1) (1,0) (2,0) (3,0)
R3 (2, -1) (2, 0) (1,1) (2,1)

S0 (2,0) (3,0) (1,1) (2,1)
S1 (2,-1) (2,0) (3,0) (3,1)

T0 (1,0) (2,0) (3,0) (2,1)
T1 (2,-1) (2,0) (3,0) (2,1)
T2 (2,-1) (1,0) (2,0) (3,0)
T3 (2,-1) (1,0) (2,0) (2,1)

Z0 (1,0) (2,0) (2,1) (3,1)
Z1 (3,-1) (2,0) (3,0) (2,1)